t	y
0.000	0.000
0.033	0.005
0.067	0.012
0.100	0.021
0.134	0.022
0.168	0.020
0.201	0.020
0.235	0.022
0.268	0.027
0.302	0.031
0.335	0.034
0.369	0.034
0.402	0.035
0.436	0.036
0.469	0.038
0.503	0.042
0.537	0.046
0.570	0.048
0.604	0.049
0.637	0.049
0.671	0.050
0.704	0.052
0.737	0.055
0.771	0.057
0.805	0.059
0.838	0.060
0.872	0.061
0.905	0.063
0.939	0.064
0.972	0.066
1.006	0.068
1.039	0.070
1.073	0.071
1.106	0.072
1.140	0.073
1.174	0.075
1.207	0.076
1.241	0.078
1.274	0.079
1.308	0.081
1.341	0.081
1.375	0.083
1.408	0.085
1.441	0.086
1.475	0.088
1.509	0.089
